519 40 587 393 128 828 940 190 133 777 631 184 335 698 179 433 584 21 618 686 840 189 718 996 581 204 132 944 405 610 616 508 185 356 156 522 187 808 92 926 850 472 620 496 579 591 703 125 796 185 533 195 380 183 241 218 959 457 447 965 652 870 839 996 717 540 
446 96 597 595 532 592 621 608 806 511 729 468 189 354 478 867 48 434 798 759 391 487 460 388 312 43 278 454 934 55 953 661 932 966 193 72 320 701 944 762 448 25 720 188 944 754 422 677 679 541 448 382 284 563 938 
381 701 55 341 259 936 396 592 29 955 217 411 90 715 465 161 716 325 601 24 866 175 157 928 883 907 518 813 409 286 549 347 428 937 681 539 890 687 266 853 801 910 709 496 208 149 96 692 667 873 834 7 159 965 200 900 714 585 826 16 173 403 205 356 788 484 321 734 964 851 962 321 540 
255 116 501 366 99 592 50 142 791 380 265 189 821 
307 767 22 403 457 619 923 401 388 359 697 754 776 608 440 627 124 344 74 424 
67 387 766 528 195 309 767 175 77 797 287 560 976 632 237 74 435 98 957 15 996 412 570 127 710 791 934 967 143 262 120 138 143 398 131 467 348 392 624 449 11 812 137 632 588 988 992 692 187 684 690 356 176 3 828 516 494 931 625 791 470 270 266 201 280 829 989 713 734 620 648 882 639 888 765 892 744 
628 347 256 30 622 139 680 809 120 895 589 462 554 515 509 964 694 307 588 287 539 112 789 629 887 225 580 960 797 499 784 391 980 640 463 841 378 790 424 747 654 401 461 238 692 183 685 433 953 110 990 402 780 289 
972 517 684 953 509 
724 502 406 263 908 760 191 832 1 542 237 35 417 718 78 845 416 61 750 602 718 682 60 475 885 906 947 239 
351 467 820 912 832 540 14 444 167 325 690 46 814 836 576 2 273 29 126 129 753 91 628 647 
570 123 855 497 950 229 968 663 147 801 685 261 921 421 426 630 954 149 777 876 907 568 733 465 542 806 306 489 593 344 465 621 397 338 548 224 4 120 413 323 952 444 834 159 932 615 942 185 217 
367 366 404 100 94 292 410 136 731 674 80 168 35 434 364 13 836 165 333 154 213 658 484 778 101 205 584 108 483 803 12 423 680 715 261 450 694 208 
756 975 568 570 1 891 961 936 581 166 475 750 1000 544 662 126 850 403 343 483 606 692 959 337 825 437 683 905 
80 564 509 646 262 304 52 665 467 425 399 632 163 762 919 404 278 581 787 851 60 662 92 422 354 696 786 141 594 690 550 194 639 215 531 194 840 786 671 786 6 82 655 150 
331 3 207 333 76 116 670 268 742 980 752 780 503 132 177 806 273 218 418 963 836 320 991 807 404 813 140 494 745 420 247 816 960 755 535 841 595 116 611 687 898 927 287 698 197 311 303 336 188 980 59 341 
430 217 451 709 595 305 926 234 975 905 990 728 285 109 530 905 558 233 151 419 576 577 585 326 584 558 26 352 897 454 721 749 696 809 473 320 972 818 206 876 381 575 101 167 786 392 834 870 
868 117 740 602 379 475 861 125 111 119 357 584 50 429 170 972 247 197 451 57 702 941 474 363 721 888 797 58 483 116 400 416 362 726 962 623 411 227 238 637 745 894 625 637 839 252 381 530 943 541 228 907 200 94 725 724 391 924 564 927 780 553 520 775 805 315 695 261 12 921 741 771 40 
695 345 433 32 50 666 854 127 455 99 539 6 806 545 791 787 16 170 129 58 976 16 597 676 265 13 805 685 772 520 420 156 585 894 284 254 930 183 
396 579 462 899 733 897 19 812 731 316 515 52 851 424 290 306 629 887 588 605 27 110 567 821 8 849 150 65 405 453 152 527 407 607 167 253 951 369 551 469 701 767 200 87 767 253 339 676 718 528 
847 762 876 40 883 337 689 226 866 279 712 814 288 163 822 450 543 773 148 752 421 705 545 904 30 734 538 834 155 319 831 
289 398 168 205 409 176 70 755 876 557 753 43 473 719 480 271 599 758 402 243 207 372 69 364 716 177 
698 150 693 591 204 967 189 402 758 366 853 795 712 843 725 130 680 955 822 573 678 643 702 393 916 25 607 352 788 915 274 401 782 785 230 89 296 188 915 475 391 804 504 50 991 869 474 813 281 78 546 177 964 258 991 621 908 768 622 484 318 869 512 850 924 643 470 928 550 101 133 
391 159 759 163 82 294 332 426 829 457 5 270 48 220 91 
129 556 54 657 263 195 552 467 831 768 930 859 285 331 68 976 378 618 947 490 324 58 708 806 369 972 203 680 356 53 636 
762 509 38 333 373 559 188 340 731 728 158 398 374 983 590 492 753 677 307 829 349 131 206 458 551 828 485 434 392 233 121 627 472 253 752 786 668 931 587 113 822 944 755 128 402 710 859 770 935 120 118 474 987 754 639 73 189 388 970 442 94 149 637 
528 74 809 881 413 116 704 626 58 867 36 980 815 858 287 689 417 377 115 706 498 905 715 645 926 309 127 394 536 462 299 73 167 
781 588 875 79 891 987 599 154 997 472 8 141 804 478 259 75 4 193 915 265 308 411 641 58 428 214 772 530 696 628 27 451 990 721 792 761 207 49 963 547 245 378 770 562 140 951 904 
16 874 234 445 746 808 644 148 8 619 851 255 888 447 555 264 607 77 744 849 628 367 892 611 354 660 788 980 527 14 355 90 995 8 57 473 300 591 321 975 518 669 497 
728 424 993 657 429 931 73 414 108 783 565 599 619 818 300 975 650 454 481 89 308 718 372 680 182 75 420 283 592 690 452 297 39 805 649 262 333 866 731 883 643 627 665 5 398 641 314 820 973 13 109 689 964 282 772 635 259 
667 605 524 159 490 790 929 679 694 
867 511 893 326 820 164 180 25 81 797 809 119 121 328 
182 646 546 168 451 523 353 728 105 948 136 77 318 483 263 490 477 482 280 737 686 600 401 870 938 685 420 669 541 366 743 346 152 19 202 871 973 839 740 735 837 215 27 904 58 903 297 856 147 30 704 588 
652 575 651 467 215 901 912 706 613 513 653 902 145 201 448 32 549 547 731 468 861 543 405 972 452 582 426 854 331 387 644 876 567 437 505 476 402 776 911 256 433 100 69 963 215 587 165 372 483 951 878 281 536 325 97 908 798 475 178 474 153 168 
712 436 432 654 162 326 928 403 211 755 899 35 134 568 773 667 110 642 475 666 80 946 34 176 749 864 
383 438 394 492 309 504 544 230 754 395 508 540 789 562 797 601 379 164 88 939 866 340 978 168 300 462 803 219 638 804 581 993 57 141 192 871 893 895 381 718 561 991 354 372 138 337 252 745 337 877 
479 567 544 809 999 351 284 25 150 784 21 702 982 496 13 871 93 683 742 785 403 78 827 182 750 856 567 198 181 888 785 51 201 759 806 689 856 371 605 788 914 972 550 832 673 59 228 225 524 606 935 126 797 748 669 242 377 854 454 410 300 341 895 38 61 992 361 916 121 764 938 503 395 776 690 476 503 588 511 115 
917 345 518 163 9 897 70 273 274 592 909 103 421 796 718 226 647 138 461 412 603 798 659 733 
118 614 361 228 624 642 503 791 352 815 213 121 99 169 561 84 225 44 168 366 600 826 723 420 408 290 968 164 492 564 849 468 295 859 416 700 391 348 235 910 98 661 561 440 857 395 59 816 16 524 581 428 744 504 571 674 
392 317 485 697 168 488 543 769 321 129 175 503 317 175 335 322 223 733 527 181 327 613 409 669 270 7 160 996 791 747 996 709 348 605 103 906 740 598 44 920 502 664 181 713 
866 320 475 57 53 780 644 185 814 894 457 307 991 43 972 667 224 552 841 463 225 252 495 748 329 56 122 311 129 
753 557 499 426 101 253 319 671 317 407 542 871 400 731 628 77 656 377 383 590 443 844 567 922 208 372 591 698 691 490 50 737 89 935 775 399 953 544 514 218 586 504 863 944 456 578 102 413 839 353 852 567 334 44 413 95 433 513 863 55 854 628 662 286 58 599 550 700 318 378 
558 626 996 678 520 815 416 322 711 525 217 912 338 389 285 489 124 326 304 542 78 446 934 769 596 554 22 778 872 746 435 535 29 557 486 501 896 295 809 964 408 170 147 128 206 54 116 672 521 799 66 240 218 752 630 384 183 172 189 736 428 293 53 
36 162 37 429 448 408 900 753 970 959 909 436 298 612 284 600 800 51 817 236 646 422 228 957 917 690 959 453 35 385 398 888 61 957 
917 303 583 812 908 984 879 140 433 251 852 695 817 214 309 950 902 881 412 512 228 728 672 197 388 769 481 543 127 978 968 554 993 918 81 700 279 922 99 629 913 657 158 376 543 687 777 230 769 928 601 779 514 523 166 190 116 826 965 887 1000 969 905 809 906 158 365 281 997 
953 489 697 236 7 123 142 34 347 832 202 942 116 255 766 198 668 679 430 276 792 878 749 993 38 249 552 133 554 446 392 655 233 286 221 836 71 77 572 538 526 859 725 532 161 674 94 127 649 587 40 397 107 83 657 136 677 866 608 717 22 601 896 36 954 596 114 75 922 924 994 297 122 849 30 
392 218 495 57 566 290 41 262 60 174 649 863 741 224 812 942 744 217 567 538 553 86 
950 413 351 962 524 12 709 90 475 893 117 784 484 743 150 849 269 943 342 82 691 245 496 970 943 473 163 643 313 277 953 793 235 454 122 914 931 220 146 650 822 492 618 763 65 660 638 796 306 246 91 232 566 196 123 575 895 
51 97 335 985 201 481 914 73 454 800 184 694 403 477 702 281 656 303 948 643 538 580 148 551 826 122 716 196 160 93 552 56 642 54 
342 989 303 671 427 476 873 316 151 318 109 652 595 308 743 48 328 
831 425 803 755 546 20 925 489 900 755 449 2 632 376 652 258 264 688 321 190 702 278 712 714 115 70 218 317 851 558 156 585 128 822 486 19 913 684 645 553 975 14 10 11 380 146 13 621 93 261 793 936 832 643 451 215 252 51 31 768 661 769 853 533 111 435 741 833 165 157 
334 88 650 286 558 94 575 681 
914 314 237 572 150 958 714 532 521 317 578 693 378 820 682 256 121 844 144 368 185 532 837 926 269 192 853 819 801 770 416 466 939 407 194 
989 16 450 738 633 623 390 678 77 179 895 585 433 189 864 632 89 802 970 192 136 389 701 367 305 129 818 693 127 190 37 
899 658 57 46 952 179 426 488 889 347 911 13 505 580 929 923 771 171 789 550 793 110 862 906 203 221 685 947 898 569 546 546 173 497 474 970 726 488 239 405 149 328 761 399 782 375 468 25 713 278 198 319 94 866 164 81 386 656 721 270 127 
361 427 216 45 771 86 825 36 675 271 24 800 945 902 776 789 25 670 718 452 381 130 449 79 599 125 190 32 54 799 824 223 763 110 669 583 4 523 677 457 916 300 453 31 766 186 939 554 376 658 348 560 282 448 351 235 462 167 122 132 
530 602 
497 119 344 427 845 847 637 723 864 17 797 786 
628 732 341 167 995 384 343 191 709 192 260 788 687 87 527 474 940 922 149 765 520 56 197 816 447 882 586 953 679 225 938 908 568 540 622 525 240 336 147 691 295 929 924 54 952 292 445 978 721 703 353 72 542 780 224 172 256 864 749 654 421 207 537 335 315 246 219 
453 569 904 527 419 9 273 501 74 492 598 989 857 881 185 513 509 198 255 701 711 813 221 580 357 447 686 261 654 386 
78 184 666 460 631 121 233 743 950 839 166 102 146 412 232 287 540 58 87 406 536 288 447 978 379 249 489 
755 711 213 917 941 82 594 565 355 84 581 
819 954 793 813 64 170 199 822 200 335 344 994 844 239 718 401 279 879 507 287 709 809 766 234 776 394 785 762 610 206 357 560 683 733 95 548 73 747 161 59 964 560 844 185 611 104 809 175 713 313 369 244 519 589 401 768 528 148 451 339 186 74 5 849 737 90 
27 37 927 934 655 499 238 586 790 925 124 442 370 926 409 365 20 930 30 354 78 509 730 320 130 910 634 488 990 11 189 984 124 387 324 632 63 201 280 625 927 704 409 941 788 436 170 465 726 607 406 972 295 14 874 408 727 326 657 681 451 974 379 624 274 483 102 711 563 142 850 913 760 583 376 993 825 
241 213 143 135 996 386 579 52 740 756 804 81 138 201 41 344 794 630 930 569 840 926 806 791 358 138 759 417 397 637 583 864 190 97 506 375 479 391 849 494 682 413 434 
375 253 466 416 458 750 837 702 332 952 264 517 59 43 489 984 264 84 105 47 765 325 299 120 944 286 936 698 383 60 126 63 964 1000 741 820 833 990 988 826 812 794 945 305 822 61 560 589 579 117 325 331 347 294 145 209 396 16 372 703 407 278 466 703 525 218 530 997 533 921 425 728 256 958 36 802 733 23 
335 844 665 162 736 417 519 186 586 727 240 830 915 449 400 251 305 42 66 811 70 198 590 693 824 685 384 259 506 480 301 474 998 925 426 479 937 3 589 257 644 227 793 316 580 445 354 411 325 495 412 635 710 741 909 100 585 266 152 552 
668 130 94 499 385 295 499 934 491 980 878 922 806 637 80 691 662 661 776 383 685 62 583 786 799 981 883 907 482 441 960 593 217 964 857 109 222 651 324 474 941 544 833 120 282 933 129 553 470 422 197 261 980 755 134 242 269 819 264 956 194 430 156 803 516 104 553 
627 51 321 302 487 382 61 337 690 779 720 295 123 907 991 799 160 178 888 653 408 498 60 899 982 795 979 654 466 925 51 724 324 973 61 123 596 408 115 347 346 630 322 
583 513 212 148 18 547 679 651 942 799 818 924 18 763 217 663 199 775 147 466 185 155 854 609 583 750 424 915 696 400 673 77 822 258 693 369 169 396 544 711 356 687 190 858 368 504 
799 223 583 713 13 597 409 511 474 430 571 853 386 363 300 484 310 569 618 978 552 199 766 598 879 584 72 967 372 139 804 774 959 934 766 293 149 84 799 302 540 993 33 665 425 714 396 761 733 111 917 783 762 532 329 698 394 224 732 467 803 434 294 907 415 916 11 747 196 599 23 954 444 38 
426 156 606 490 996 952 236 505 784 469 414 541 407 935 627 687 269 305 150 921 637 671 564 807 356 189 19 689 778 292 771 516 443 926 15 127 850 991 770 339 538 571 667 623 457 716 183 442 403 748 842 542 850 789 322 131 657 606 738 600 702 317 
200 454 135 452 181 688 635 362 408 85 787 398 242 235 96 710 202 233 458 900 692 735 148 319 579 624 838 859 949 633 529 949 853 233 604 265 929 279 495 491 320 426 27 490 446 973 822 756 651 173 742 227 980 977 692 824 616 896 285 958 93 97 479 640 944 87 717 640 161 
660 461 861 664 570 936 435 394 126 672 173 526 251 667 420 893 573 475 986 489 749 899 18 816 510 75 648 625 53 653 634 242 583 575 857 993 11 756 793 158 15 848 83 167 969 275 313 986 288 437 468 571 
107 72 389 624 297 575 270 441 530 949 826 984 737 450 279 836 817 158 952 595 84 245 919 807 897 62 758 372 91 930 293 538 221 495 137 908 389 484 264 212 100 104 
465 51 984 594 135 525 803 686 609 751 111 471 376 463 833 780 100 832 118 654 102 438 458 724 422 673 726 83 867 137 618 312 744 619 
623 977 973 608 153 958 663 103 251 783 395 372 326 843 98 705 254 510 849 484 105 336 136 914 247 84 634 280 534 345 329 556 817 503 884 61 981 578 104 63 492 42 178 294 397 328 154 694 505 306 442 447 250 503 752 150 678 517 3 66 669 981 448 855 611 813 93 313 19 
265 333 950 77 104 464 129 171 655 95 701 541 14 749 496 96 233 619 787 614 744 264 136 942 683 931 618 943 36 873 663 980 455 599 318 67 129 17 70 830 111 61 612 436 807 787 
256 157 760 833 854 947 501 313 9 358 905 845 903 314 488 985 908 566 361 495 766 263 753 725 917 895 683 237 852 986 393 93 
300 979 295 476 831 377 356 617 968 985 49 654 280 737 684 573 544 411 838 922 754 15 249 285 51 560 877 731 53 879 780 358 577 309 980 728 109 399 285 677 668 668 339 347 440 907 882 861 443 646 974 955 130 848 354 458 208 685 460 446 107 286 638 90 52 779 460 168 959 577 115 74 158 153 
814 631 599 717 458 990 274 278 525 899 19 744 876 15 776 529 524 960 523 745 382 871 99 953 848 256 951 494 77 83 698 409 244 645 241 963 987 991 29 366 835 655 406 290 644 533 758 891 349 754 781 643 248 402 442 693 938 356 239 103 449 682 27 668 
792 996 349 930 736 940 497 955 376 765 983 676 601 149 472 907 253 175 700 487 449 92 167 79 430 790 188 525 677 327 38 544 139 129 858 325 93 804 815 340 772 156 898 426 255 598 139 757 363 498 786 
995 802 339 644 713 735 910 960 881 6 810 737 357 685 317 849 176 203 99 203 393 524 72 46 80 187 702 837 766 619 
73 273 144 840 671 225 941 869 154 676 670 554 756 955 77 3 598 173 961 871 191 277 862 132 647 306 752 629 839 504 
923 466 525 818 291 354 98 347 960 713 85 923 417 792 507 234 804 465 310 143 513 410 246 964 71 225 38 353 282 579 265 821 774 161 567 10 892 135 674 184 880 179 808 240 380 593 156 820 905 422 457 701 136 131 137 621 441 551 26 27 130 948 973 628 311 140 918 637 451 383 138 817 391 936 294 512 628 697 
933 633 368 501 801 219 686 473 259 44 18 68 143 799 644 9 47 538 879 944 739 537 19 654 303 631 459 788 779 473 61 181 977 963 741 625 854 672 197 846 562 398 746 144 810 184 591 508 710 410 230 939 33 
660 490 980 169 937 247 123 324 534 461 227 954 439 777 501 461 599 886 929 58 344 193 588 447 50 121 2 144 231 935 160 430 602 176 164 182 934 770 878 95 424 416 245 943 100 304 558 695 815 734 508 601 111 180 424 621 941 
427 891 429 234 888 865 977 650 67 729 339 787 861 184 834 13 285 706 750 930 676 
135 963 425 443 139 356 402 843 972 233 652 
784 941 214 300 252 342 59 209 58 153 935 628 957 866 633 706 468 410 403 758 2 384 169 795 858 930 
804 284 83 559 743 705 527 167 652 11 542 279 55 354 155 672 560 372 331 7 231 594 212 120 100 199 255 185 112 708 123 387 52 617 585 900 583 70 420 946 876 752 116 191 298 696 909 57 367 813 614 314 30 717 135 596 569 376 780 18 938 414 35 282 449 874 
163 660 859 476 93 528 224 865 898 183 64 492 542 986 146 982 539 233 536 858 423 663 663 573 433 339 38 793 432 314 587 239 126 132 224 24 609 880 609 35 85 889 973 504 555 868 941 521 639 495 348 224 917 63 
745 80 776 225 876 482 408 594 153 584 299 617 998 691 812 268 720 942 260 378 12 788 852 382 
604 370 899 699 951 964 368 10 479 142 54 734 19 687 76 230 435 832 502 855 36 710 436 869 147 568 629 350 387 697 202 968 109 380 170 62 185 
720 307 244 927 990 399 165 816 930 64 123 417 576 705 667 398 292 238 747 984 836 
466 411 955 929 957 109 207 712 723 714 941 645 265 244 764 990 318 399 676 456 617 120 485 997 288 897 811 906 300 855 547 624 488 274 776 448 658 642 23 294 556 941 155 53 403 209 744 582 506 793 685 152 601 769 604 646 628 631 357 110 772 938 
206 346 689 168 155 795 506 604 335 719 766 670 136 369 571 125 163 915 423 378 254 218 
75 799 667 167 190 358 604 229 635 421 707 760 748 570 609 542 342 71 871 
950 292 241 878 834 404 961 852 861 175 807 807 106 989 933 661 516 517 594 75 177 418 621 754 372 75 539 383 774 449 626 729 416 57 350 917 343 836 848 402 482 681 391 620 160 848 834 555 315 394 365 478 762 828 295 825 601 418 921 832 272 519 454 658 693 645 295 849 809 645 582 389 
889 733 461 285 106 170 488 628 418 514 491 975 969 286 534 71 988 372 922 
625 362 294 906 344 291 444 579 808 417 283 626 220 484 36 753 923 369 442 589 277 721 324 670 833 356 440 770 205 849 396 999 202 283 500 761 579 298 71 774 89 400 936 740 52 866 443 42 246 864 757 
203 363 176 840 589 599 845 13 701 613 415 427 337 122 83 811 996 555 866 912 833 708 458 214 38 477 64 298 133 305 576 626 572 91 891 799 720 373 497 978 553 583 438 453 2 89 267 58 715 958 85 399 640 585 441 50 331 197 244 118 666 476 728 463 642 211 189 538 983 945 874 599 147 451 207 69 729 
860 916 863 799 74 384 419 71 494 288 178 958 604 680 352 647 506 586 217 1000 866 136 504 488 958 791 230 970 198 876 358 778 96 464 807 680 43 715 54 848 906 847 396 768 40 389 673 48 709 318 817 374 622 494 57 609 123 229 788 769 366 
965 984 99 354 792 273 176 393 744 659 703 733 823 325 148 697 74 700 538 114 749 473 703 661 872 492 845 543 612 751 916 377 297 578 793 210 97 968 792 523 133 791 576 448 
849 212 918 
385 769 256 851 377 285 223 22 197 566 240 433 55 232 552 83 288 271 475 168 994 556 189 698 987 912 407 504 155 887 876 956 331 231 551 880 533 816 349 681 794 517 37 682 956 951 737 966 932 848 
104 327 17 651 320 929 63 43 262 393 736 707 491 46 179 450 568 17 73 63 882 652 417 721 343 559 603 955 416 864 235 233 592 39 305 941 437 156 702 536 214 487 142 444 537 592 648 43 751 626 325 478 267 773 323 916 798 25 296 821 708 221 312 536 990 961 258 356 407 92 118 484 515 674 340 7 736 877 51 420 
741 986 197 11 589 361 814 528 185 599 581 366 812 128 677 374 883 395 189 905 649 327 804 
380 747 733 817 773 956 614 12 170 361 290 179 736 267 900 693 409 146 385 476 595 349 518 566 628 169 633 58 719 307 612 439 960 476 249 253 213 652 606 517 698 285 115 636 653 480 491 361 993 438 310 709 820 39 217 239 514 820 939 920 921 480 126 308 187 58 877 502 485 677 
158 156 966 810 366 552 520 342 674 685 12 219 127 17 315 629 135 628 543 754 1 889 92 837 510 887 375 870 832 537 513 550 802 631 915 767 679 278 511 832 154 335 391 139 476 454 592 273 81 11 526 465 118 847 629 955 102 399 966 757 452 41 384 
70 37 763 238 509 574 558 21 90 541 478 115 328 601 596 651 145 166 576 264 914 970 781 47 769 176 263 316 442 546 102 740 861 869 695 535 914 618 228 659 70 591 664 690 191 257 611 772 520 94 476 758 678 387 
38 516 374 946 797 925 372 979 164 384 786 26 268 793 402 484 781 957 516 13 533 667 893 770 696 363 854 754 613 536 947 66 646 543 275 846 283 629 120 559 513 45 967 531 372 80 459 139 449 828 999 342 651 328 60 947 793 880 924 610 280 760 163 293 949 770 194 751 58 965 578 263 175 130 828 473 293 737 327 870 
430 729 424 275 409 551 708 900 536 196 662 363 610 550 258 907 868 219 289 608 224 673 874 83 628 309 319 957 962 851 337 134 85 862 814 988 1000 267 62 310 217 758 780 506 591 308 48 584 
832 309 
458 578 371 665 522 837 125 280 706 449 
949 916 143 4 812 227 287 295 778 586 79 78 608 625 2 139 400 288 6 746 500 178 749 
45 322 126 774 720 818 955 
368 95 912 719 341 673 146 617 390 247 931 347 174 645 666 330 359 558 431 142 758 981 70 555 542 761 750 948 122 994 134 694 343 578 849 460 329 587 592 161 95 631 419 723 115 
655 42 42 417 757 707 747 75 234 177 28 
894 229 492 988 242 904 584 69 688 930 233 612 681 406 280 897 137 477 652 689 278 15 374 366 801 966 766 895 597 752 821 18 305 689 468 426 148 577 817 989 308 425 34 844 8 949 858 297 844 422 573 266 47 721 794 165 379 194 998 171 52 674 944 644 870 300 786 632 375 850 811 267 912 687 40 543 596 988 
602 989 907 15 608 573 957 367 420 925 846 800 202 115 182 567 579 210 49 827 120 
520 701 23 245 103 754 928 793 106 436 927 25 613 303 808 15 229 397 597 754 599 853 447 424 937 887 608 752 600 190 159 396 538 368 40 401 921 187 907 220 501 793 843 946 586 733 112 694 849 297 279 269 861 759 129 503 847 734 121 18 963 866 
15 437 809 253 650 947 297 586 574 361 754 828 807 634 202 668 53 237 860 393 537 765 839 681 266 954 787 34 505 271 253 964 661 1000 875 232 744 888 381 594 76 856 921 458 330 708 617 82 707 684 97 840 276 381 62 242 480 909 666 892 81 8 391 968 851 220 458 813 83 
804 953 12 905 604 193 323 219 823 57 854 631 974 650 911 489 757 820 167 82 839 514 232 551 254 33 553 514 222 145 805 267 179 838 231 230 786 569 679 758 601 33 154 449 239 419 398 369 202 318 670 590 988 678 541 544 
791 601 281 49 805 116 504 590 792 609 162 781 898 733 711 922 444 997 803 667 113 202 10 418 546 370 817 906 348 429 502 917 648 637 43 427 700 786 414 293 17 833 1000 153 726 943 574 88 754 253 281 287 569 328 696 91 103 760 417 459 234 528 412 923 310 190 261 767 595 482 498 432 679 418 631 939 568 939 
518 141 974 189 865 541 727 316 884 603 971 247 255 848 600 580 150 96 494 747 465 563 422 929 546 587 627 999 394 562 389 
671 994 472 454 886 814 979 59 666 450 845 686 688 223 571 190 762 801 862 530 629 856 796 146 938 629 878 612 63 956 674 183 39 558 792 164 494 172 383 968 778 83 118 251 277 613 745 116 273 230 468 682 5 19 988 391 249 231 255 372 885 707 167 533 593 889 924 97 38 779 114 363 144 23 481 632 283 952 
870 969 818 109 275 956 249 611 397 944 70 790 366 105 653 721 707 547 423 337 659 840 152 571 309 
432 532 140 555 915 918 664 867 724 619 261 927 693 684 190 201 76 576 276 806 974 917 39 912 887 403 965 538 502 797 720 585 509 21 993 552 828 1 183 138 720 862 270 703 417 462 810 87 2 228 982 943 806 77 244 407 687 766 492 911 567 16 5 169 808 572 594 953 851 373 505 277 838 204 327 493 38 824 
399 965 448 886 282 299 212 1 311 567 427 494 459 373 526 845 731 880 310 300 809 328 193 76 989 154 358 324 230 906 560 577 53 334 331 309 727 717 894 119 366 542 805 
53 607 899 879 487 126 443 54 515 937 240 540 703 513 975 715 
624 689 106 561 942 516 237 514 672 943 343 746 30 934 940 119 703 96 633 886 734 808 166 775 176 822 562 183 828 948 593 832 111 378 321 
982 957 801 474 159 619 247 879 19 944 923 307 433 520 657 716 476 932 47 70 399 601 
98 830 375 241 
106 845 517 172 948 179 704 880 306 302 934 3 503 715 807 721 694 344 365 823 471 580 661 659 531 107 336 912 194 155 729 127 521 348 219 82 845 234 64 66 
788 961 293 902 680 923 771 
902 924 731 294 417 54 374 765 248 36 161 25 415 694 558 865 952 98 79 547 639 451 238 942 485 488 52 136 839 611 877 966 360 919 502 440 894 473 743 374 972 121 155 362 389 953 719 199 372 690 267 54 504 943 445 977 795 91 204 163 279 404 
182 351 661 213 203 572 32 857 241 410 110 266 991 247 986 50 125 541 196 28 956 402 327 758 558 471 658 410 119 310 151 232 651 880 433 541 756 432 149 10 480 904 834 453 73 961 645 493 789 651 99 728 648 
503 566 313 
933 274 948 454 728 682 896 46 57 853 433 552 880 482 173 329 730 709 227 750 820 899 880 970 432 350 891 903 374 679 96 375 209 375 71 929 70 728 148 925 652 726 423 752 8 445 848 184 312 752 53 93 231 141 213 228 217 
568 829 264 988 829 295 989 345 366 576 71 545 430 814 23 338 479 613 744 39 44 334 273 675 722 104 444 213 245 437 368 776 514 994 275 998 151 621 651 476 723 407 426 498 528 751 417 550 137 710 646 173 
274 472 638 328 800 472 169 106 414 431 577 241 
119 623 42 279 379 311 80 362 188 788 617 283 774 959 431 434 111 935 170 397 978 484 921 125 197 17 584 411 387 928 174 59 90 807 215 105 840 412 72 281 650 442 84 603 449 538 923 795 673 793 649 355 864 681 150 906 505 784 862 233 412 766 157 49 635 707 337 152 455 887 70 383 759 429 39 910 256 105 195 
470 726 527 966 470 570 454 143 800 690 451 567 43 255 605 731 259 277 564 422 228 56 859 483 164 966 96 744 98 348 617 895 556 782 555 
431 605 330 318 527 407 690 700 314 601 644 954 925 1000 934 327 669 179 970 785 807 155 68 450 76 67 561 539 856 438 895 815 598 41 586 612 704 959 718 565 715 796 461 931 615 299 217 217 636 322 920 252 693 812 758 869 716 871 198 317 921 41 794 
414 971 885 882 915 574 417 706 769 311 746 755 580 439 890 829 885 589 478 680 301 295 716 271 907 253 111 729 708 142 457 523 95 
980 675 241 913 593 889 110 
218 502 762 631 55 486 886 438 299 362 742 546 932 913 919 33 786 370 570 857 295 566 462 512 858 169 272 176 806 527 252 674 400 294 866 
949 266 975 431 
385 449 278 223 792 280 233 273 804 214 738 671 869 783 956 678 617 804 367 658 980 355 925 214 260 268 820 894 179 221 617 838 885 524 116 346 862 
526 890 816 346 399 422 337 802 905 602 962 383 922 852 451 837 569 274 743 396 393 800 216 824 248 323 
939 890 102 14 383 738 887 449 374 953 742 232 872 806 684 707 635 817 
705 871 711 777 971 634 653 719 301 923 
750 309 139 826 399 72 265 110 497 100 935 256 2 226 410 953 451 4 429 813 834 312 17 928 284 654 9 22 391 16 353 40 189 58 472 865 251 867 429 977 943 632 173 521 415 905 833 135 954 137 217 805 740 451 
431 192 449 418 721 366 761 76 927 439 691 254 165 964 712 940 205 781 760 925 764 526 78 737 877 154 375 933 289 384 89 659 492 131 166 283 
556 303 800 437 906 464 361 629 667 424 111 356 515 226 419 721 320 790 597 967 
678 1 670 309 915 483 718 476 693 661 643 546 872 475 634 485 540 262 672 77 372 776 972 350 236 631 737 195 9 26 874 777 592 58 672 498 799 630 493 809 359 825 7 905 159 757 48 388 327 6 518 530 849 
